64 25
3 17 23 25 24 11 8 20 1 14 4 2 22 7 15 9 12 19 6 13 16 5 21 18 10 
3 25 23 7 17 1 6 9 14 5 16 19 4 24 2 10 8 12 22 13 20 15 11 21 18 
5 6 9 7 10 18 23 11 15 12 21 2 19 13 8 20 22 1 3 24 17 16 14 25 4 
23 7 6 18 4 12 9 1 8 5 17 13 2 22 25 10 20 21 16 3 24 14 15 19 11 
12 15 19 1 2 4 11 18 14 9 5 21 3 13 8 6 17 20 16 10 23 25 22 7 24 
17 19 4 20 2 12 21 8 15 18 5 1 9 6 16 13 23 11 3 22 24 25 14 10 7 
2 21 9 7 13 1 18 15 19 11 24 20 16 23 22 25 14 5 12 17 3 6 4 10 8 
1 6 22 2 24 5 8 21 14 16 9 19 20 15 18 12 17 7 25 4 10 3 11 13 23 
8 12 25 20 18 3 21 1 13 16 11 17 10 2 7 4 23 14 9 15 6 19 24 5 22 
16 21 1 24 19 11 5 3 15 10 25 4 18 2 13 12 8 7 14 17 22 20 9 23 6 
14 5 8 16 9 7 17 13 4 10 19 12 23 22 18 2 11 24 1 21 25 6 15 3 20 
10 12 9 5 2 11 7 1 6 4 23 22 3 13 21 20 17 16 24 8 19 18 15 14 25 
12 17 9 16 5 3 23 8 4 15 11 14 2 25 24 18 19 21 6 13 20 1 10 7 22 
7 18 20 11 12 21 3 5 23 8 24 14 25 22 19 6 2 16 13 17 4 1 10 15 9 
7 25 14 19 22 15 6 12 17 9 10 21 13 20 3 16 2 23 18 1 5 24 4 11 8 
5 13 22 19 9 8 6 14 23 11 1 4 10 16 24 20 12 18 25 7 2 17 21 15 3 
11 13 4 25 23 9 12 10 6 3 15 19 21 22 2 17 8 20 24 14 5 7 18 1 16 
15 7 22 13 9 24 10 6 8 11 3 14 1 2 23 19 16 17 20 12 4 18 25 5 21 
17 2 15 19 6 14 24 25 7 11 1 16 9 12 23 13 18 21 8 22 4 20 5 3 10 
7 16 21 15 24 23 18 12 14 1 25 20 22 4 9 6 5 2 13 11 17 10 8 19 3 
6 24 17 12 13 25 8 5 7 22 21 19 10 4 23 3 1 16 11 20 18 15 2 9 14 
20 11 19 8 18 4 23 16 7 3 22 1 10 14 25 12 17 9 24 15 2 13 6 21 5 
1 15 9 19 24 5 17 21 3 20 22 18 25 10 8 4 12 7 11 13 14 2 16 23 6 
21 15 13 17 18 11 3 23 1 7 10 24 16 12 9 6 4 8 14 20 25 22 2 5 19 
1 3 9 10 16 21 13 7 25 8 14 22 11 23 2 5 17 6 15 4 19 12 20 24 18 
