8 100
96 31 8 76 59 20 6 68 62 46 91 93 19 33 13 99 52 74 47 38 7 4 27 3 87 90 18 51 17 45 89 34 24 25 92 23 98 97 15 72 100 79 82 11 21 53 85 84 2 32 58 61 16 22 39 28 44 26 80 69 57 65 75 56 14 30 60 10 94 77 71 42 95 67 63 5 41 36 64 50 66 1 78 54 81 88 43 55 70 86 35 48 49 37 12 29 73 9 83 40 
52 29 37 71 20 85 87 31 26 64 65 97 16 96 45 58 51 91 6 30 32 24 48 88 50 8 61 38 93 66 98 99 73 2 100 13 56 81 46 12 86 62 18 47 10 68 14 43 23 25 67 15 53 89 92 59 74 57 42 72 36 9 1 84 94 55 90 22 69 80 19 40 11 4 17 28 5 34 33 35 60 44 27 39 3 63 78 79 83 7 49 70 21 77 54 75 82 95 76 41 
96 86 21 18 81 92 75 72 33 48 55 39 40 10 93 41 32 57 95 65 36 9 59 49 76 62 91 20 3 54 90 67 14 8 31 46 52 88 69 42 45 22 98 30 53 17 66 78 51 43 26 35 64 68 83 58 47 37 87 89 5 27 28 80 79 60 63 16 94 50 2 84 29 15 19 73 6 100 4 99 70 25 23 74 34 7 82 77 24 11 12 13 71 1 56 38 44 97 61 85 
19 38 89 98 58 33 71 2 48 94 69 8 100 60 91 43 31 11 10 23 66 85 72 27 99 76 75 15 28 67 46 68 95 52 82 26 18 59 21 74 14 54 17 96 49 93 44 37 53 29 25 64 1 5 41 39 35 34 9 84 32 77 90 86 88 83 50 13 81 65 57 6 62 51 78 42 16 79 73 63 40 87 92 7 56 12 36 47 30 20 97 4 24 61 45 22 80 70 55 3 
57 15 11 99 6 7 64 26 67 30 100 3 59 52 95 58 73 12 63 61 80 35 89 79 32 5 62 37 43 92 9 4 97 77 69 70 18 21 93 20 56 46 22 85 28 16 33 36 54 23 65 31 87 47 83 49 66 96 78 50 17 98 88 10 75 2 82 53 24 48 39 29 91 8 27 40 86 55 51 1 41 25 68 13 74 45 34 19 60 84 14 42 44 38 72 94 90 76 81 71 
99 78 8 63 38 82 44 3 95 16 7 86 47 58 83 71 91 79 36 9 60 94 50 92 30 23 66 77 68 51 70 48 64 11 14 81 93 80 52 41 45 19 100 13 5 96 1 90 17 22 35 49 76 39 69 72 65 88 32 59 89 43 61 40 21 53 20 25 73 37 46 42 28 26 57 67 10 34 12 85 56 84 2 74 54 31 29 55 75 18 15 33 24 97 87 62 98 27 6 4 
10 18 38 30 55 68 74 69 15 86 27 54 19 50 14 63 56 23 4 78 71 48 53 41 12 7 82 8 58 91 64 84 75 44 99 70 73 33 47 17 98 62 25 32 79 13 93 46 85 65 77 43 87 57 22 96 31 83 94 51 39 95 100 45 60 97 89 35 49 52 28 16 59 9 6 11 5 3 42 66 88 40 67 80 90 61 81 36 26 76 1 37 72 34 92 21 29 20 24 2 
40 66 70 22 4 27 5 87 86 19 97 15 76 75 99 23 56 57 92 20 44 88 84 63 11 68 91 38 37 85 61 14 69 3 31 39 71 90 35 78 94 52 47 73 29 18 59 30 10 79 67 93 60 54 25 12 48 95 62 42 81 34 1 98 82 2 7 65 83 43 36 80 53 33 26 49 28 55 24 50 96 74 64 9 51 46 21 8 6 77 16 17 32 89 13 58 100 41 72 45 
89 40 94 6 50 48 52 39 12 43 7 70 15 49 79 20 86 57 75 8 11 9 58 24 56 97 1 19 4 82 83 81 46 28 41 14 87 16 47 61 76 22 5 45 35 69 100 3 73 62 85 68 66 27 99 33 92 93 80 10 96 38 63 44 2 18 64 90 91 74 37 60 13 59 30 36 65 32 51 21 88 71 25 98 67 84 31 17 54 23 29 77 26 78 72 53 42 34 55 95 
38 75 17 58 100 33 63 83 32 62 52 43 60 22 90 31 12 80 44 87 37 27 41 23 6 14 81 93 36 48 85 99 69 71 21 66 28 20 1 40 91 77 7 64 67 74 25 39 18 92 35 15 8 61 54 96 89 95 47 55 3 73 51 19 79 11 5 88 10 97 68 29 46 57 34 26 42 72 2 50 4 76 84 45 70 30 49 24 53 82 86 94 78 56 9 59 65 98 13 16 
40 80 18 17 21 13 36 48 60 37 7 96 69 87 100 83 15 72 39 91 45 62 71 89 65 12 49 25 34 88 11 26 42 95 97 28 33 79 90 78 30 29 93 70 14 85 98 54 59 35 41 47 76 86 9 32 6 58 84 3 4 75 53 74 99 1 22 51 50 64 38 82 44 2 46 8 43 57 77 55 10 52 94 67 27 19 61 16 63 92 23 20 66 68 81 56 24 5 31 73 
54 3 55 33 68 13 98 62 47 28 92 70 31 5 100 17 82 36 52 86 30 14 27 21 83 15 45 8 76 61 2 91 80 77 29 87 9 44 40 19 93 99 53 90 81 65 42 95 78 64 63 32 16 34 59 6 49 20 11 66 58 10 56 25 73 24 89 35 69 43 7 39 41 46 71 72 60 67 85 23 75 18 74 96 22 94 12 38 84 88 57 97 48 50 4 37 51 1 26 79 
99 35 4 25 13 70 46 44 41 79 32 89 62 27 29 86 76 98 61 31 26 47 74 18 45 9 71 82 77 36 20 96 22 14 54 33 24 92 65 75 51 87 94 1 84 50 10 60 17 37 56 3 40 15 48 21 73 2 91 78 90 72 6 8 49 30 64 19 68 12 83 97 5 66 80 69 85 23 11 16 58 7 81 88 52 55 42 59 95 43 53 100 34 57 38 63 67 93 39 28 
74 83 80 22 94 84 57 16 40 2 43 26 62 49 86 60 50 87 99 5 64 56 81 25 41 76 72 73 37 31 44 82 30 29 100 21 36 18 35 19 45 3 39 93 55 92 42 28 17 85 27 68 61 59 33 70 47 89 7 23 13 38 75 4 11 32 66 8 10 90 96 54 78 34 63 24 53 20 9 48 97 71 58 67 95 79 46 12 52 1 77 91 65 6 14 88 69 15 51 98 
44 67 45 29 30 2 46 26 12 75 71 92 5 32 100 73 9 3 38 60 27 40 28 47 65 72 84 17 23 4 87 19 24 64 56 98 10 85 68 66 15 31 77 61 21 99 1 97 57 43 58 48 81 88 54 42 53 35 79 7 70 34 16 50 59 41 18 22 33 55 74 76 80 95 49 20 83 89 86 78 51 82 52 11 36 69 6 91 13 63 93 8 14 90 25 96 39 62 94 37 
9 68 88 45 97 66 55 71 7 49 50 41 26 63 78 58 59 2 31 84 89 22 38 33 52 35 100 19 76 6 75 34 70 30 3 46 39 12 29 77 5 48 17 85 60 83 86 94 98 64 82 42 15 28 73 44 87 69 21 93 18 92 13 1 99 40 54 4 37 61 96 20 72 47 90 8 10 79 81 57 43 80 24 56 36 67 11 27 53 51 62 14 65 74 16 32 95 23 91 25 
32 93 46 88 35 6 21 89 51 12 77 79 25 70 61 52 42 73 80 11 68 13 24 48 16 87 67 76 74 54 31 83 75 71 96 43 63 34 90 33 22 18 38 65 91 20 17 8 37 55 44 1 9 72 69 60 7 98 41 58 78 59 5 28 92 81 26 3 40 82 23 95 50 86 53 19 57 97 84 39 99 56 64 45 29 62 10 4 27 100 94 47 14 30 15 66 36 85 2 49 
55 1 78 42 16 93 6 73 60 27 90 91 48 99 30 56 35 66 17 64 76 95 3 24 41 86 71 44 51 23 18 87 68 12 13 47 84 34 75 82 53 88 100 62 70 7 96 77 32 98 54 10 43 89 83 2 5 20 94 46 14 80 59 31 28 81 92 19 4 37 22 69 72 58 21 61 65 25 49 39 57 79 33 26 36 45 63 52 97 29 74 67 11 38 8 40 50 85 9 15 
53 18 4 40 72 75 28 79 13 39 89 68 62 57 94 90 84 81 96 74 14 12 24 37 1 2 78 92 61 16 15 5 52 76 95 60 8 30 70 66 19 9 47 11 71 44 21 38 36 73 64 20 49 32 80 82 31 17 100 48 26 45 59 41 88 58 87 51 25 33 56 46 34 91 23 6 50 22 85 86 77 83 98 65 3 67 10 99 63 93 35 29 97 69 42 27 7 54 43 55 
89 20 19 99 66 47 51 8 90 79 7 3 2 27 9 24 65 46 73 60 52 69 17 36 56 45 15 96 14 75 26 16 61 54 91 62 41 85 88 67 72 44 58 93 71 39 94 53 33 10 98 86 11 83 81 28 43 77 37 63 25 30 78 48 57 4 23 64 76 34 100 21 92 70 1 31 32 49 82 35 6 87 22 40 95 80 55 97 29 12 74 50 5 84 59 18 42 38 68 13 
35 26 15 63 37 11 78 27 17 60 88 45 98 97 48 32 4 54 44 86 29 77 99 43 80 71 33 62 9 3 21 40 18 83 22 61 68 14 30 28 64 67 92 52 81 84 46 5 89 24 20 69 7 42 75 25 96 65 55 47 53 49 87 13 34 51 2 56 85 91 74 12 39 66 10 90 73 36 31 58 79 82 70 50 6 76 8 1 57 94 41 23 16 38 93 95 19 59 100 72 
94 32 77 86 20 55 27 68 75 45 50 97 74 100 64 44 54 42 28 14 65 85 40 37 21 33 76 1 70 43 38 26 89 39 69 63 5 18 29 2 46 93 67 19 58 96 7 82 78 41 73 10 84 83 4 3 87 15 25 66 99 9 11 91 88 60 34 53 81 79 22 16 71 52 98 48 56 12 49 61 90 24 95 17 8 62 30 6 92 23 35 36 47 51 13 57 72 31 59 80 
75 45 18 21 49 31 70 29 10 100 68 17 87 81 89 74 65 98 28 25 96 85 79 72 67 42 93 13 44 57 46 12 78 62 27 58 16 61 19 54 40 8 83 51 77 56 97 73 86 11 95 52 69 1 30 53 5 2 90 92 26 60 47 4 41 88 20 3 22 32 9 84 59 24 33 34 80 6 76 64 94 91 82 36 50 15 55 48 38 37 66 23 63 14 35 99 71 7 39 43 
70 46 80 7 28 61 10 49 14 66 97 6 5 93 18 82 40 52 31 81 16 13 20 17 92 59 41 90 64 89 94 77 23 79 48 91 56 42 43 37 3 33 100 68 57 72 11 78 4 47 88 44 12 29 67 51 85 15 60 1 38 54 74 22 62 19 25 50 35 76 30 58 8 83 99 65 71 55 2 26 63 27 24 9 98 53 86 96 45 84 69 21 39 36 87 34 75 73 32 95 
37 2 75 82 23 87 57 83 14 22 90 19 39 100 77 43 42 45 36 93 49 41 48 79 64 5 25 47 9 29 61 60 17 21 24 91 34 28 66 88 94 54 65 3 78 71 11 69 4 74 38 98 7 97 80 81 46 58 26 35 31 86 67 15 72 27 32 33 16 18 44 63 13 92 1 56 50 95 96 6 20 52 89 55 40 62 84 53 76 51 8 85 59 30 70 12 10 73 99 68 
29 63 39 8 55 87 52 27 74 86 44 4 10 100 85 36 82 7 41 76 89 98 33 6 53 32 80 16 77 67 31 95 34 48 69 70 62 26 93 72 45 61 40 35 92 12 96 59 65 37 21 24 84 20 3 9 78 79 91 90 97 5 42 17 23 22 18 88 50 66 64 19 94 14 51 13 83 15 68 73 58 38 99 2 47 49 25 60 56 81 30 46 57 43 71 75 11 28 54 1 
26 77 20 7 31 71 59 35 48 73 85 34 89 87 61 49 78 51 14 66 82 16 54 98 75 25 43 90 27 42 8 15 11 74 46 52 38 22 70 63 40 32 1 55 24 99 6 83 84 60 67 50 97 21 23 88 96 72 80 68 44 76 45 53 100 28 5 69 93 79 92 86 94 30 18 56 17 29 33 2 81 37 10 95 39 91 62 9 47 3 36 19 13 4 57 12 41 64 58 65 
32 71 63 82 8 58 99 54 95 81 100 59 36 75 57 10 74 39 23 18 43 6 44 93 17 4 53 73 51 96 37 41 27 50 92 78 30 65 7 15 26 33 49 24 25 48 61 3 69 20 14 83 91 19 97 5 79 85 35 77 21 68 76 31 72 88 47 1 16 28 11 42 98 22 13 46 38 80 2 87 90 60 12 45 67 64 40 89 55 84 34 56 62 29 66 86 94 70 52 9 
27 12 47 45 21 48 9 100 96 56 42 33 88 19 32 6 7 89 79 44 36 77 86 65 60 18 78 94 91 97 16 67 80 70 66 35 38 68 72 43 83 52 57 29 26 23 61 55 54 99 13 92 40 24 50 46 93 59 37 41 84 14 1 3 73 75 51 58 90 62 81 20 95 53 76 39 10 5 30 64 4 15 22 82 8 31 63 11 87 74 98 69 25 34 17 71 28 85 49 2 
72 68 60 2 80 40 10 42 89 52 31 35 22 9 99 65 93 36 14 69 84 51 37 64 39 50 26 7 15 77 34 83 43 12 47 30 59 54 49 95 8 48 41 32 38 87 29 94 61 76 88 53 75 62 13 74 19 63 92 70 46 17 6 44 11 67 100 56 82 85 79 21 25 16 81 90 5 20 55 3 24 73 78 4 27 28 1 33 98 86 18 91 45 71 96 23 97 58 66 57 
52 30 68 63 45 71 64 79 22 33 43 84 81 56 62 100 14 72 35 37 23 20 26 48 21 39 95 42 76 17 18 4 70 1 36 8 32 86 65 31 67 49 50 6 69 7 25 3 10 94 28 19 54 78 29 44 34 24 89 11 13 85 55 87 91 93 2 82 66 47 58 75 98 40 96 57 60 97 16 77 90 92 83 27 38 59 73 99 9 88 51 15 12 53 74 61 80 41 5 46 
60 25 20 40 28 67 93 71 38 21 8 14 55 39 63 87 32 90 70 75 73 7 37 78 95 53 84 83 80 11 51 86 5 1 56 18 12 4 76 10 74 13 54 41 2 50 30 47 48 19 57 69 6 61 94 33 45 97 68 35 17 91 29 43 52 26 66 44 100 77 79 62 31 9 65 81 89 92 49 72 85 36 82 46 22 16 88 34 42 15 23 58 3 96 27 24 99 98 59 64 
20 87 54 89 79 40 55 63 70 68 34 50 60 73 98 95 2 59 71 31 19 45 72 97 10 57 52 67 90 41 32 80 65 6 43 51 15 4 48 27 66 92 93 56 18 61 3 88 30 53 14 5 91 78 81 82 100 99 83 11 13 35 36 94 33 38 24 76 28 25 47 46 21 64 37 44 8 85 75 62 69 26 49 22 96 1 74 42 29 9 77 86 16 17 23 39 12 58 84 7 
89 32 86 53 71 17 92 11 44 23 75 76 100 77 7 58 95 50 29 21 47 61 78 67 48 31 45 46 34 74 94 42 99 36 49 64 60 83 28 70 69 93 63 87 10 16 55 2 52 40 3 91 72 27 18 43 80 22 30 66 85 41 26 25 57 90 20 97 8 84 65 19 24 5 38 14 96 62 79 56 12 37 68 13 81 35 51 54 1 33 9 73 4 39 6 59 88 15 98 82 
17 33 39 26 60 24 32 77 66 63 81 5 90 97 84 55 46 73 6 11 42 80 15 79 12 38 41 54 61 71 16 64 72 58 18 49 43 56 69 94 68 3 83 27 20 31 4 92 44 29 7 35 36 65 86 9 13 8 82 2 52 53 67 25 88 75 14 40 1 70 93 48 89 51 30 85 45 21 100 62 59 91 22 57 96 23 34 19 37 99 28 74 95 76 10 87 50 98 78 47 
82 75 8 3 25 40 50 92 7 31 43 21 81 64 37 85 84 53 45 27 77 10 62 94 41 1 16 89 32 2 17 55 38 72 22 87 95 70 79 65 78 6 73 68 99 56 93 96 49 98 63 86 61 91 19 42 30 69 15 28 13 76 58 52 33 60 46 9 20 5 80 66 88 51 18 34 47 83 67 74 44 97 14 29 12 54 36 39 71 35 90 100 57 26 59 11 24 4 48 23 
59 73 90 81 52 87 89 24 75 14 71 78 79 65 43 40 82 56 3 16 44 37 96 15 4 69 28 17 76 55 99 48 83 94 63 95 93 31 23 64 91 7 86 21 25 38 57 11 18 32 39 1 54 12 6 2 85 19 45 10 92 84 41 46 80 60 72 61 36 13 51 30 97 67 58 53 74 49 42 66 68 20 100 8 47 29 9 98 88 35 5 33 34 62 50 27 77 70 22 26 
21 60 32 57 40 50 59 61 27 74 76 63 23 11 88 20 12 64 25 8 39 42 68 80 65 55 71 43 17 31 85 3 73 87 86 92 66 36 35 94 52 1 5 83 38 48 33 13 84 75 18 15 89 95 72 47 90 100 14 22 29 45 93 24 19 51 67 41 4 7 54 99 96 81 16 69 98 37 56 58 26 2 78 79 34 9 6 77 62 82 97 30 28 49 44 70 46 53 10 91 
49 64 35 48 55 21 88 54 4 90 78 17 95 40 41 77 58 22 26 2 62 20 3 96 27 75 34 80 7 83 8 84 81 32 51 11 99 10 29 70 98 18 76 42 74 6 82 57 5 12 16 23 50 13 79 25 43 46 69 91 89 87 9 97 60 39 63 37 19 94 68 53 28 33 44 67 30 85 73 45 14 15 61 1 65 66 93 86 36 31 24 100 72 92 47 56 38 71 52 59 
41 97 25 31 62 78 34 92 72 95 94 68 88 26 6 49 40 58 30 77 89 50 52 16 32 44 82 54 67 96 100 47 83 61 37 57 39 20 51 1 42 69 56 99 3 12 65 36 71 8 38 93 45 13 46 66 7 81 70 86 19 35 9 2 10 5 24 15 87 43 59 60 55 27 74 84 14 18 98 80 76 4 91 21 85 28 63 64 79 22 23 73 29 90 48 53 75 33 11 17 
27 64 22 84 61 66 49 14 82 95 75 91 52 87 96 80 99 9 73 57 20 53 36 18 59 23 21 44 72 81 41 50 12 28 100 10 85 38 35 71 15 65 69 24 63 93 3 54 89 4 5 30 88 45 47 7 60 83 70 62 86 16 43 98 8 11 46 74 2 32 77 31 34 58 94 56 1 68 37 97 6 51 19 29 55 92 40 90 48 33 17 78 39 13 25 67 79 26 76 42 
32 65 61 91 22 93 78 53 35 89 13 59 90 28 77 19 5 17 58 15 80 79 71 1 51 67 68 95 92 23 84 62 100 34 27 7 88 6 14 2 42 39 69 16 66 18 33 21 30 46 99 26 50 85 87 41 37 73 3 31 44 43 70 36 47 52 25 10 38 94 56 76 55 24 54 82 20 12 8 74 9 96 60 97 83 4 86 64 75 49 11 81 72 63 40 98 29 57 45 48 
87 88 100 75 41 16 1 57 61 42 95 74 68 12 23 80 99 19 43 56 47 22 6 52 50 20 82 64 29 18 63 5 71 11 51 44 85 39 91 4 31 49 25 96 84 62 89 93 9 40 78 32 48 36 33 72 60 30 94 34 79 27 38 92 58 28 98 76 59 81 13 2 21 14 97 86 65 10 69 77 66 83 90 24 53 15 8 37 70 7 54 35 17 3 46 55 26 45 73 67 
10 64 70 12 78 62 52 40 35 82 2 16 80 39 28 57 67 34 63 20 73 38 22 55 56 15 9 42 27 30 50 79 94 14 93 3 83 81 46 60 71 85 13 48 58 59 53 87 97 18 66 45 23 65 11 89 7 49 29 6 88 84 44 75 21 5 25 54 76 77 74 91 4 95 90 33 96 37 17 19 86 92 47 31 24 1 36 69 43 26 51 41 100 32 8 72 61 68 98 99 
76 12 46 68 32 11 1 81 8 27 74 75 38 2 34 92 26 6 70 45 14 37 58 21 90 56 93 78 82 89 73 50 96 41 64 65 39 18 52 42 31 3 88 28 53 91 22 87 36 19 61 54 16 94 66 95 67 63 59 33 99 57 60 83 98 47 44 69 29 86 71 9 72 5 13 49 17 100 15 23 4 62 30 97 20 25 10 40 43 35 85 7 51 55 24 84 80 48 79 77 
34 77 9 71 37 90 81 98 26 20 58 19 7 10 72 68 87 4 45 49 1 8 41 63 80 94 52 39 40 11 91 65 42 47 17 83 25 93 86 28 14 31 35 21 2 78 61 74 60 16 73 57 99 46 79 18 44 12 15 59 6 43 23 5 55 29 82 48 30 92 24 88 66 95 70 3 13 56 53 96 36 64 89 85 38 50 100 51 76 69 75 22 32 27 54 62 67 97 33 84 
33 10 39 76 61 23 81 41 88 11 36 53 69 95 63 73 35 32 17 18 43 98 62 34 3 83 27 77 66 91 68 15 70 7 94 1 4 57 26 28 71 47 75 37 84 19 2 96 14 29 31 49 54 93 60 38 86 9 87 90 85 5 24 78 82 20 40 64 46 25 22 21 74 58 13 89 55 72 51 48 52 92 56 67 6 100 30 59 97 65 79 50 8 99 12 42 45 16 80 44 
35 22 28 11 44 95 67 17 36 69 83 29 66 59 63 33 41 8 72 70 74 5 77 16 58 92 2 13 89 10 98 21 52 88 99 55 4 27 9 20 76 37 80 79 73 97 87 23 34 86 38 32 14 81 26 93 49 84 78 75 60 48 12 100 39 61 18 40 45 56 6 24 71 15 30 51 68 54 42 19 46 25 50 57 90 94 62 43 53 96 82 85 1 7 65 91 31 64 3 47 
82 1 10 96 50 94 30 23 28 100 66 40 88 24 27 74 6 97 32 53 14 39 55 57 25 85 42 99 46 90 69 2 41 22 59 78 72 61 12 64 21 26 16 37 58 54 8 80 4 31 75 79 20 47 17 73 67 9 45 87 29 15 71 98 11 49 19 81 77 33 36 56 83 95 89 60 18 5 63 34 76 7 84 70 93 52 62 13 65 44 43 48 68 3 91 38 92 86 51 35 
14 88 74 99 47 24 78 51 92 10 57 89 75 64 79 33 44 52 71 98 53 87 63 65 16 77 67 59 84 4 17 38 81 96 18 11 22 56 48 30 26 62 58 27 2 42 85 40 25 95 29 60 93 45 46 41 21 55 35 43 12 73 61 50 34 72 90 15 19 1 8 82 70 49 31 9 83 39 36 54 97 13 100 37 66 3 32 7 94 6 5 91 86 28 76 68 69 23 20 80 
37 62 53 9 36 76 41 42 16 100 3 58 64 33 50 48 51 22 83 92 24 80 30 66 5 70 46 11 25 47 35 31 56 7 26 52 77 38 43 44 61 73 98 81 1 29 13 45 65 10 15 21 32 71 39 54 84 94 23 88 4 28 20 79 86 49 74 17 8 18 97 91 14 6 60 2 99 90 59 19 34 69 67 63 27 82 75 40 96 57 55 12 72 68 95 89 87 85 78 93 
41 89 71 37 54 56 96 75 42 8 30 58 26 24 63 81 64 91 100 46 50 72 15 84 40 17 22 76 93 32 74 10 2 3 67 77 4 51 73 35 98 31 28 83 82 90 69 85 65 11 39 87 9 99 23 33 13 79 62 5 95 70 45 94 68 25 52 92 27 12 61 16 7 78 36 66 53 57 60 86 55 29 48 19 49 34 18 59 6 21 43 88 14 80 38 44 1 47 20 97 
11 12 35 70 99 85 77 16 25 86 5 49 58 62 40 52 2 69 29 64 17 36 100 8 56 51 71 59 9 42 38 20 7 92 89 45 79 75 48 13 78 37 83 81 87 73 93 14 53 67 33 15 55 96 23 41 34 28 3 76 22 44 18 97 50 82 72 60 90 4 95 80 88 19 21 6 43 68 24 57 32 30 98 61 54 66 31 39 27 26 1 84 10 46 91 94 74 47 65 63 
93 17 1 4 84 68 54 25 95 61 59 78 6 76 26 82 74 49 5 89 44 73 37 47 65 15 63 8 90 77 42 27 51 24 96 35 67 7 38 91 46 72 57 53 30 94 75 50 83 48 56 32 22 11 41 62 81 87 99 23 52 19 39 9 79 86 33 55 69 28 97 40 34 10 66 80 100 12 3 88 31 29 16 70 64 85 13 60 98 36 20 43 58 2 14 71 18 92 21 45 
44 46 15 82 22 57 26 45 63 78 33 55 21 8 74 56 34 1 2 81 99 98 17 9 7 29 16 20 76 31 43 35 64 84 100 37 48 54 91 97 69 71 79 5 73 96 52 6 3 90 75 13 77 40 93 38 66 89 94 58 36 70 67 19 47 62 27 92 61 30 18 88 86 72 14 12 10 65 42 41 23 68 87 11 49 25 85 50 83 53 39 32 80 4 24 60 51 95 28 59 
65 54 30 88 49 78 62 93 85 24 97 56 28 39 31 95 67 12 68 4 15 37 58 2 14 63 34 16 44 53 10 100 84 25 45 81 19 8 36 71 6 59 26 66 83 99 98 89 61 46 55 91 76 92 38 75 29 13 17 60 94 32 5 74 43 52 27 7 72 41 82 80 48 11 69 77 73 9 23 3 90 47 1 33 42 64 22 20 87 79 50 51 96 70 86 40 35 21 18 57 
25 29 83 53 66 16 9 39 99 64 62 58 81 31 37 7 77 45 80 2 92 32 18 63 14 100 21 11 54 38 5 48 70 57 46 52 91 74 86 10 55 98 73 20 60 71 56 89 97 93 65 68 33 50 88 69 47 30 1 95 19 76 72 79 34 26 49 15 36 44 61 28 41 85 17 43 42 6 67 35 12 96 87 13 27 4 22 3 94 24 23 82 40 90 8 51 84 78 59 75 
55 29 27 93 71 17 62 39 70 78 76 16 61 46 30 83 52 82 53 28 67 75 20 38 90 72 80 21 98 11 56 32 59 74 6 26 42 2 63 45 69 92 81 13 88 31 65 100 9 12 8 77 22 96 60 68 15 36 86 50 10 89 19 5 66 34 91 87 48 25 64 14 40 97 41 47 84 99 7 18 4 85 95 37 44 3 1 43 23 24 57 49 79 58 33 54 51 94 35 73 
14 25 47 60 17 86 20 44 21 91 65 52 22 7 84 42 66 31 97 56 87 58 89 82 72 35 74 36 9 11 29 4 78 41 61 30 39 13 55 32 59 79 3 40 93 85 18 1 81 46 68 28 8 76 34 10 71 48 70 100 45 92 63 33 99 96 94 64 43 90 15 50 16 2 49 24 37 83 19 88 26 62 75 80 23 95 6 5 38 51 98 54 69 73 67 27 53 57 77 12 
18 83 3 70 31 40 55 11 75 58 20 89 65 90 60 67 15 32 78 72 88 19 4 24 25 59 86 8 41 98 35 6 54 48 16 36 99 61 43 79 46 69 63 50 57 9 13 81 28 10 51 27 34 22 64 21 71 92 62 66 94 85 53 45 95 38 80 23 49 84 97 2 26 29 73 74 91 100 52 56 39 93 12 82 30 14 33 37 7 68 87 96 44 47 76 1 77 17 42 5 
15 69 27 66 38 96 70 37 11 22 25 21 74 4 44 12 20 99 26 51 43 17 8 29 33 36 86 88 87 30 65 91 60 19 72 81 90 82 2 6 45 58 14 75 92 55 13 85 1 41 48 24 98 54 3 97 16 52 59 53 32 39 50 68 83 64 47 34 7 62 42 89 40 71 5 78 77 93 9 100 67 10 23 31 76 94 35 73 63 80 46 18 57 84 79 49 28 95 56 61 
79 77 63 55 2 18 81 12 7 16 34 46 51 37 73 86 14 74 61 71 13 89 67 80 98 75 9 8 23 5 70 93 19 85 3 54 76 69 53 90 88 84 96 42 50 24 62 15 82 38 66 59 4 45 40 44 32 25 83 10 95 52 97 1 91 6 56 43 49 33 64 94 78 65 48 27 100 60 21 28 58 36 22 41 39 11 72 31 57 68 26 20 29 35 30 87 99 17 47 92 
69 57 21 53 71 60 64 50 90 20 54 89 7 40 9 32 12 37 36 8 87 19 48 97 84 92 45 42 18 10 17 99 25 49 33 55 51 28 15 1 61 82 62 58 47 52 23 88 39 81 63 6 26 91 16 98 56 73 4 41 13 22 11 95 29 93 78 68 100 79 30 94 67 46 77 76 31 14 80 38 83 85 3 5 34 96 66 35 65 75 70 2 59 86 74 44 72 27 24 43 
10 91 59 2 16 47 51 95 66 14 48 72 33 73 50 49 9 6 27 55 41 67 60 93 37 97 40 83 94 38 23 39 52 86 80 46 5 35 4 57 96 78 98 1 32 29 85 56 69 42 7 87 18 30 65 31 53 82 68 58 34 74 26 84 92 100 64 24 61 63 89 70 77 76 28 22 45 15 88 20 36 13 99 3 62 17 21 12 90 75 43 79 54 71 25 19 81 8 44 11 
13 100 62 48 79 21 32 82 55 87 15 6 53 78 97 26 72 39 76 43 27 96 86 46 58 20 74 33 50 60 68 90 28 77 34 14 19 29 51 64 59 4 41 70 7 35 73 42 66 36 89 57 8 99 91 9 18 40 31 2 93 22 45 52 71 63 49 16 5 61 88 75 24 30 95 37 80 1 25 47 81 94 85 65 92 44 17 3 56 11 12 69 10 54 38 67 84 23 83 98 
55 68 27 36 53 18 17 32 97 90 86 93 33 22 2 37 5 60 54 4 49 61 100 3 94 50 31 56 40 13 25 78 42 83 47 39 7 79 69 80 1 95 10 85 88 6 24 26 99 89 84 64 45 34 91 15 82 62 65 16 43 74 8 63 30 72 58 71 51 23 35 66 19 9 14 76 96 48 11 92 41 81 38 70 44 12 46 29 57 87 28 21 20 73 98 59 52 67 77 75 
92 42 16 93 35 20 15 63 31 10 43 87 65 78 28 48 66 23 60 97 56 36 46 99 88 69 49 34 13 68 5 1 61 14 11 76 77 100 44 67 89 51 90 86 80 57 53 75 79 39 83 50 9 91 17 74 45 19 38 94 21 40 27 6 8 2 24 25 3 32 81 52 59 26 30 82 55 54 37 29 96 62 98 85 22 64 95 7 4 41 84 72 73 58 70 33 47 12 18 71 
9 14 42 10 30 7 32 6 99 76 31 56 33 68 81 72 35 3 93 11 73 29 69 8 44 91 51 75 49 96 98 64 18 100 66 60 61 70 55 54 41 38 19 74 80 52 34 85 2 83 12 65 27 89 95 88 1 24 78 92 16 57 13 37 48 90 28 36 40 17 25 43 39 62 46 82 15 26 67 79 59 94 50 87 58 21 53 23 20 97 86 22 63 71 77 45 5 47 84 4 
11 65 68 12 73 54 19 31 28 56 46 93 62 47 51 18 57 79 45 24 50 49 72 34 81 29 74 43 40 94 58 4 83 26 2 8 32 80 21 15 59 76 61 23 27 60 6 25 100 70 95 88 89 22 84 39 66 42 63 13 37 10 75 36 99 87 52 5 3 85 77 69 16 44 53 33 97 1 17 71 91 30 86 48 96 35 64 78 55 38 90 41 67 20 98 9 92 14 82 7 
24 100 37 10 26 14 40 99 36 33 77 4 16 74 51 46 30 66 88 62 68 83 63 94 45 20 90 84 85 61 76 31 1 82 7 19 67 71 21 17 25 89 42 96 53 79 72 92 23 38 86 69 56 13 54 41 15 60 64 47 80 59 9 18 87 57 49 97 58 73 48 34 98 12 2 78 44 50 6 29 70 3 93 75 32 81 35 65 28 8 11 27 43 22 39 95 5 91 55 52 
37 56 52 42 88 40 15 75 81 41 73 98 50 72 85 6 47 92 83 89 2 64 44 36 35 17 76 77 82 7 96 61 24 21 99 53 9 59 22 39 49 46 95 67 84 20 14 30 78 32 58 12 43 13 28 11 26 93 33 87 34 5 86 25 57 60 54 74 1 29 65 38 16 94 10 63 45 79 27 71 69 62 100 70 23 3 68 51 90 66 48 18 19 91 80 97 8 31 55 4 
31 95 22 53 84 44 24 82 80 5 93 39 66 26 32 30 19 68 8 37 25 83 56 98 89 11 17 27 6 7 48 15 69 87 88 99 40 35 81 13 38 42 91 29 54 64 77 59 34 79 57 60 70 43 78 50 49 58 45 63 55 67 71 3 18 1 28 52 20 21 36 33 97 65 61 16 90 51 75 9 86 46 85 94 96 100 41 14 4 23 12 47 10 72 92 73 2 76 74 62 
33 1 52 47 25 54 23 45 9 22 30 43 100 86 93 46 77 75 73 59 85 39 94 21 84 5 35 32 26 83 10 91 60 27 40 13 95 66 92 89 99 62 81 63 29 76 88 17 64 65 44 68 7 72 98 78 49 69 53 61 31 4 2 6 80 34 58 12 42 24 71 87 79 20 48 57 37 16 51 96 70 82 15 74 19 3 36 56 55 41 8 50 11 28 18 14 38 97 67 90 
16 52 4 60 92 47 8 20 58 24 83 69 78 27 67 31 43 63 37 2 26 38 49 21 94 32 97 93 39 56 7 18 44 100 13 99 80 5 54 17 77 86 68 75 28 62 50 66 71 51 64 3 36 12 55 53 74 48 81 98 73 91 25 89 33 30 90 41 88 96 70 40 22 79 11 57 35 46 14 19 65 85 6 61 59 76 23 1 15 9 29 84 45 95 87 42 72 82 34 10 
14 32 5 39 76 82 1 56 73 75 28 35 46 60 21 65 31 7 18 69 74 57 40 9 47 38 95 36 96 34 98 43 17 97 10 2 54 66 25 53 90 68 80 11 63 71 100 91 86 37 85 41 24 51 55 20 33 8 27 78 4 52 99 70 64 84 26 50 16 92 19 87 94 30 79 81 13 62 93 3 59 42 61 67 48 72 44 29 89 12 6 45 22 15 23 77 83 49 88 58 
79 91 17 57 71 81 36 98 46 63 3 84 12 22 96 44 61 69 64 41 94 93 1 16 15 45 37 85 89 30 35 92 75 66 82 2 72 53 4 11 32 43 20 10 40 54 8 87 51 83 47 60 27 26 28 62 14 7 18 100 52 49 50 56 77 59 48 6 29 24 76 21 88 97 5 80 67 34 74 70 68 13 55 25 73 65 86 19 9 58 42 99 90 23 78 33 39 31 38 95 
17 14 56 7 45 94 46 4 12 71 91 72 40 48 10 83 39 75 3 57 60 25 9 43 98 52 20 85 76 65 13 92 37 73 5 31 79 41 61 95 15 70 62 47 87 99 38 29 80 26 27 44 88 86 21 54 53 32 42 55 82 63 97 24 67 36 77 1 19 100 66 22 8 30 50 18 59 11 28 93 49 35 68 16 64 6 74 89 69 90 33 58 23 34 84 81 2 78 51 96 
89 21 41 81 36 72 34 3 67 50 17 65 98 23 1 14 52 53 51 7 39 5 80 78 37 76 46 27 13 99 66 44 19 20 92 56 30 29 26 71 2 61 28 91 64 68 94 31 24 75 4 63 49 40 22 70 73 15 6 87 10 88 38 12 59 43 90 86 16 58 45 77 79 32 62 74 57 18 42 84 8 9 54 60 48 93 100 95 11 35 69 55 96 82 33 25 85 47 97 83 
5 25 82 4 26 88 85 90 67 99 100 64 39 80 8 83 43 65 29 53 24 22 11 69 32 60 56 33 12 38 21 42 16 87 78 50 46 92 2 30 31 27 86 13 70 58 77 47 9 37 28 75 19 49 94 15 72 84 54 57 79 81 18 74 62 44 23 61 97 1 95 48 96 59 45 63 10 91 51 3 41 36 17 52 14 76 40 98 6 7 71 73 93 34 68 35 66 20 55 89 
6 40 33 67 34 45 73 71 44 43 79 31 82 61 25 91 19 11 24 2 17 66 8 81 72 60 36 4 26 38 94 47 65 83 42 62 89 78 86 76 64 15 51 27 84 32 85 16 21 18 74 46 39 98 5 23 41 99 97 30 68 29 9 77 1 49 13 10 59 28 53 93 55 100 63 22 95 37 75 50 88 35 48 52 90 58 7 92 56 54 20 14 57 69 96 12 3 70 87 80 
48 57 74 36 35 63 14 59 53 12 49 39 78 52 25 76 69 24 30 50 41 98 1 62 66 91 92 2 99 9 26 89 93 3 4 80 97 100 32 84 71 37 7 27 75 88 51 8 17 34 55 60 86 13 96 11 15 21 6 16 72 44 94 31 61 46 19 65 43 81 22 79 56 45 68 47 83 33 40 28 95 23 42 64 10 58 18 73 67 38 29 20 54 90 77 82 85 5 87 70 
8 26 49 14 22 47 96 66 99 85 35 43 42 6 19 67 87 68 89 62 69 38 1 79 3 76 90 7 24 34 44 32 46 65 45 98 83 53 93 51 40 70 15 78 95 88 57 71 86 72 94 74 50 63 2 80 41 25 36 39 28 13 18 37 5 84 9 97 75 33 60 48 23 30 10 81 59 64 58 27 11 100 61 17 54 56 20 55 91 92 29 73 31 21 16 4 12 77 52 82 
10 62 67 86 91 98 53 64 90 28 99 78 31 77 36 12 37 56 3 47 79 20 49 7 19 24 50 46 66 52 43 54 97 71 82 55 23 32 26 96 1 89 2 80 30 87 48 21 95 84 70 85 41 76 38 17 15 22 88 5 4 18 58 11 60 75 81 13 57 45 29 73 6 27 83 61 69 65 51 33 39 40 93 68 25 35 59 74 8 44 34 94 16 92 72 100 14 9 42 63 
70 9 11 62 98 45 15 86 85 100 4 56 81 12 29 95 59 2 79 76 49 1 33 46 34 66 42 87 72 73 31 27 96 48 97 64 17 91 92 23 61 71 28 21 41 75 60 50 69 99 67 3 30 52 22 47 90 20 55 10 54 7 19 38 35 14 26 78 39 65 51 88 89 18 94 93 74 40 13 57 43 58 80 53 63 68 77 5 83 32 44 24 36 82 16 6 84 37 8 25 
39 10 78 4 69 68 93 56 27 98 49 2 70 57 17 48 92 90 30 80 50 76 38 29 14 34 9 3 94 40 52 25 95 83 44 20 21 65 22 6 72 85 91 15 7 89 24 11 67 43 33 13 36 58 28 63 41 79 54 81 55 97 99 88 71 66 74 62 42 96 18 100 75 73 59 46 51 5 31 35 61 26 1 47 87 64 84 86 60 32 23 77 12 45 53 19 8 16 37 82 
74 1 54 70 32 17 48 22 66 11 87 27 29 15 31 49 67 97 94 46 38 75 2 45 80 5 19 81 59 85 9 30 16 37 21 25 64 72 90 65 39 61 89 40 28 52 50 55 36 26 23 3 71 68 43 4 10 33 13 98 93 57 12 92 95 86 14 44 6 53 62 34 100 7 60 56 35 83 24 82 8 42 73 63 51 91 78 84 41 20 18 79 58 47 69 88 96 77 76 99 
20 50 84 70 23 16 63 94 35 69 71 37 12 85 79 10 42 74 81 44 64 47 11 40 45 13 99 62 93 56 80 91 32 61 83 73 19 39 96 54 65 1 25 49 15 27 26 24 72 59 98 3 34 95 38 53 82 33 68 77 55 60 48 92 6 43 89 36 75 29 100 8 31 97 2 22 17 78 5 9 88 28 86 4 90 21 67 52 18 51 66 7 87 41 14 30 57 76 58 46 
29 68 4 52 80 70 31 49 57 87 79 18 76 27 38 12 98 81 47 85 67 34 21 36 3 100 25 74 15 33 13 75 28 8 48 84 24 14 56 16 66 65 26 60 19 83 82 40 11 99 95 44 54 62 53 9 89 41 20 72 30 91 1 63 51 97 2 32 69 46 90 45 43 59 86 39 55 50 61 73 22 94 96 64 6 17 10 37 77 35 42 5 78 93 92 23 71 58 88 7 
10 78 76 62 68 56 67 52 22 36 21 81 100 27 2 61 20 97 77 11 85 45 26 16 40 31 87 38 99 4 8 75 60 89 43 92 18 72 25 69 30 17 86 95 47 55 9 48 50 57 39 53 13 71 54 1 82 74 58 29 34 49 44 35 23 94 65 41 24 80 73 84 12 14 6 7 33 70 88 63 91 66 5 19 93 83 42 51 37 98 79 59 96 32 46 28 15 3 64 90 
31 91 37 45 71 14 74 30 89 3 93 28 20 55 70 95 23 64 81 25 15 22 48 66 54 82 58 86 63 21 27 7 50 73 2 80 77 56 10 26 6 67 46 100 60 34 53 79 17 62 18 97 16 38 83 51 47 84 13 43 72 69 94 44 57 75 49 98 4 19 5 35 76 65 39 96 78 9 11 24 68 32 85 88 36 42 59 1 29 92 8 33 61 99 12 87 41 52 40 90 
50 11 15 82 38 40 26 2 33 67 94 47 99 34 17 8 13 64 57 74 98 55 21 45 42 25 59 95 87 81 27 35 3 66 39 5 4 61 23 30 1 32 84 62 31 12 86 73 77 28 72 79 58 6 71 37 52 48 16 46 80 100 93 51 90 49 70 20 89 88 54 9 83 78 24 96 76 18 68 97 43 29 10 56 36 19 69 75 14 63 65 60 44 41 7 85 91 53 92 22 
90 51 32 47 56 22 57 23 77 89 28 27 45 99 42 63 13 75 4 74 65 36 84 9 67 80 86 70 37 64 100 69 53 8 40 10 26 46 12 3 49 31 94 71 29 91 6 50 82 38 78 61 11 62 21 72 24 88 81 16 30 96 60 92 17 58 93 59 83 73 7 87 76 33 48 54 15 97 79 95 25 85 98 66 43 20 35 68 5 2 14 1 39 34 44 55 41 19 18 52 
58 34 79 42 63 70 37 23 45 13 91 26 25 17 44 2 99 27 80 49 22 3 78 57 50 52 77 60 8 85 93 10 54 89 39 14 11 100 24 64 30 72 6 71 41 61 81 83 15 48 16 87 33 36 40 47 7 66 29 74 55 31 65 20 96 38 67 84 68 53 5 88 86 51 95 94 19 69 62 76 59 18 46 43 12 82 73 90 9 56 28 75 32 1 35 97 4 21 92 98 
24 2 96 94 20 82 9 46 74 67 83 73 52 39 45 79 71 98 1 28 90 29 66 78 30 40 27 38 14 35 57 87 81 23 62 91 64 10 18 26 92 84 48 50 37 75 60 17 97 76 33 42 53 11 43 69 56 6 15 19 54 55 89 85 61 68 51 86 63 25 58 12 36 95 21 8 59 31 100 44 13 93 80 41 7 47 70 34 5 65 77 99 49 4 3 72 22 32 88 16 
43 90 10 34 28 35 24 16 38 26 75 69 63 13 78 89 98 12 61 97 14 80 94 36 21 29 3 59 82 45 54 20 71 2 86 76 62 77 100 65 7 44 40 22 68 51 25 42 48 58 9 92 19 91 57 81 64 56 37 96 1 46 47 11 74 73 30 66 79 23 93 53 41 50 4 99 8 17 15 70 6 18 33 85 83 39 32 95 72 31 5 27 84 60 88 49 55 67 87 52 
39 9 58 14 73 38 35 81 27 71 33 78 17 52 40 29 5 53 44 72 25 76 37 15 74 20 49 100 34 50 93 66 57 32 18 19 69 77 67 16 96 2 97 23 87 13 4 79 99 6 8 98 36 56 65 63 21 60 31 91 41 47 30 94 48 59 1 85 42 70 92 86 55 24 82 3 64 75 11 62 95 43 90 88 22 54 12 83 68 26 51 7 10 45 89 46 84 61 28 80 
38 57 45 60 66 64 50 52 51 44 54 46 27 67 47 34 55 4 65 99 94 42 89 90 2 30 22 71 20 29 17 24 68 98 41 76 88 40 77 11 74 56 37 5 61 97 87 85 43 9 32 82 75 95 91 35 10 33 3 96 78 14 23 18 81 70 25 59 69 53 16 15 100 31 73 93 12 92 36 1 6 84 28 26 8 58 7 13 49 21 39 19 79 72 48 62 86 83 80 63 
11 100 30 48 35 66 70 57 37 27 60 3 64 40 93 76 22 65 89 51 38 73 91 20 41 8 2 94 59 44 69 63 14 28 49 31 82 15 21 29 25 61 99 10 26 95 39 5 7 36 56 98 17 54 50 19 78 52 88 16 87 13 4 72 23 47 45 43 42 67 62 79 96 90 46 80 97 84 6 53 92 83 33 32 71 85 77 12 55 58 74 9 24 34 1 81 86 75 68 18 
51 74 8 40 28 71 86 77 95 76 19 97 37 3 20 44 23 96 58 67 25 2 26 70 46 32 54 49 15 94 41 68 1 48 33 30 83 93 89 61 27 29 38 80 45 24 98 4 17 60 91 100 64 82 22 56 16 72 59 81 31 69 84 73 78 66 62 6 53 21 52 50 42 39 63 87 14 36 75 13 92 85 47 9 57 7 12 99 88 90 65 5 34 11 18 79 55 35 43 10 
82 14 20 53 28 79 70 31 57 21 71 47 37 80 58 62 12 89 85 83 16 35 3 59 4 93 50 44 99 19 67 36 30 42 48 76 39 13 72 6 2 25 54 81 96 68 40 84 34 91 9 90 24 78 33 22 100 17 43 23 77 29 11 64 52 10 75 88 45 46 74 66 1 63 65 27 38 98 95 55 8 15 69 56 92 26 73 87 51 60 7 49 5 86 61 18 41 32 94 97 