5 15
8 14 9 1 6 5 15 12 10 2 13 11 7 4 3 
13 4 3 6 7 14 2 9 5 11 12 10 15 1 8 
14 13 6 15 5 4 9 12 10 7 8 11 3 1 2 
6 1 8 3 11 15 13 12 2 10 7 4 14 5 9 
1 15 10 9 4 11 13 5 14 3 7 6 2 8 12 
8 2 1 9 5 7 11 4 6 3 15 10 14 12 13 
10 8 3 6 1 12 5 11 9 7 4 14 15 2 13 
3 6 10 14 5 4 8 12 9 13 1 7 15 11 2 
5 10 8 2 15 6 12 11 1 3 7 4 9 14 13 
15 14 3 13 6 7 10 4 9 11 2 5 1 8 12 
13 8 7 6 5 3 10 9 2 4 12 11 14 1 15 
1 9 2 15 13 12 14 5 8 10 3 11 7 6 4 
6 15 9 5 13 7 14 11 3 1 8 10 2 12 4 
2 1 15 12 8 5 6 7 4 9 14 3 11 10 13 
12 13 15 1 14 7 8 6 11 3 5 4 2 10 9 
3 12 2 9 6 5 8 7 13 11 4 14 1 15 10 
7 10 11 5 6 8 9 4 14 3 15 1 2 12 13 
7 12 15 14 10 11 9 5 8 6 3 1 4 2 13 
9 5 8 10 14 6 13 3 2 12 1 11 15 7 4 
9 13 6 12 10 14 15 4 7 1 2 3 5 11 8 
15 2 13 4 11 14 7 1 6 3 10 9 12 8 5 
9 7 6 5 3 2 12 14 15 4 8 10 11 13 1 
1 7 12 4 10 6 2 3 5 9 14 11 8 13 15 
13 2 3 5 11 9 15 8 7 10 1 4 6 14 12 
7 9 13 1 5 14 10 12 15 11 2 6 8 3 4 
12 9 2 13 7 1 15 8 10 11 3 4 6 5 14 
9 11 10 5 3 2 7 4 1 13 12 6 15 14 8 
15 7 9 14 3 6 12 1 11 2 4 13 8 5 10 
6 8 1 2 12 11 13 5 9 14 15 3 4 7 10 
15 1 12 13 2 6 4 11 7 14 10 3 8 9 5 
5 6 3 13 7 4 14 12 2 10 15 11 8 1 9 
5 9 12 11 15 10 6 2 13 4 8 14 1 7 3 
9 4 3 15 5 7 11 10 8 2 12 13 14 6 1 
11 12 1 8 14 5 6 9 2 7 10 3 15 4 13 
1 15 3 7 2 8 9 10 14 12 13 5 11 6 4 
11 8 13 14 6 3 9 1 15 5 10 4 2 12 7 
1 4 8 3 14 7 2 5 15 11 13 12 9 10 6 
1 6 7 11 15 9 2 8 3 4 12 5 10 13 14 
4 14 12 8 1 2 7 5 11 10 3 13 6 9 15 
11 1 9 5 12 3 7 13 14 15 8 10 2 6 4 
3 1 2 6 12 15 11 5 14 13 7 8 10 9 4 
15 13 2 8 4 12 14 6 1 3 5 7 9 10 11 
2 10 9 12 6 1 7 5 14 4 13 11 15 3 8 
15 2 13 14 1 7 12 11 8 9 3 5 6 4 10 
13 7 10 15 4 9 2 6 8 5 11 3 14 1 12 
