16 64
23 22 35 18 58 20 27 26 5 10 56 3 32 57 29 64 11 28 61 30 60 31 9 41 6 37 14 7 25 52 1 62 21 47 38 51 40 36 8 34 55 59 24 17 48 46 49 4 50 15 33 45 19 16 12 42 54 43 44 63 2 39 53 13 
63 7 10 20 47 53 48 2 21 33 1 28 32 23 40 14 49 34 9 27 41 15 44 43 58 6 57 5 16 38 55 4 42 18 50 37 12 3 62 52 13 22 35 24 8 54 19 56 31 26 64 59 17 39 36 30 25 29 11 61 46 51 60 45 
19 59 4 62 2 36 52 8 61 14 3 48 45 23 40 51 15 1 30 34 26 55 37 64 7 25 46 38 54 20 47 22 6 63 28 43 9 49 21 39 33 16 27 10 41 42 31 57 24 50 56 5 12 60 53 44 35 29 13 32 17 18 11 58 
61 18 62 47 58 6 11 51 41 20 10 26 28 8 48 22 45 4 19 17 64 60 31 30 63 50 43 38 5 34 52 42 14 57 37 21 33 39 7 13 2 54 32 27 23 9 55 12 53 29 1 24 25 44 56 59 35 46 49 15 36 40 16 3 
7 1 39 2 37 44 59 60 51 30 15 28 48 19 26 9 12 33 55 56 23 45 20 4 52 49 16 50 22 21 57 11 25 46 8 36 63 61 18 32 43 58 13 54 35 5 27 34 17 24 42 53 38 41 64 3 47 10 31 6 62 29 40 14 
1 6 54 52 21 53 62 57 7 30 38 56 26 25 32 40 20 64 8 42 27 28 41 33 4 37 23 19 59 55 16 24 2 43 60 14 18 39 5 47 13 63 3 46 49 15 58 35 10 34 17 45 51 11 31 50 9 36 48 12 22 29 61 44 
34 23 3 12 15 27 60 56 18 57 24 17 22 1 43 40 20 63 11 9 30 2 39 41 4 7 47 19 58 42 35 10 52 26 53 64 25 21 62 51 46 33 49 45 31 28 5 54 38 36 37 61 13 29 59 48 14 16 6 50 8 32 44 55 
33 48 52 45 63 38 32 15 25 59 49 57 47 35 40 54 19 10 60 31 3 27 46 62 64 43 12 29 56 51 7 28 26 4 17 24 14 41 9 11 39 23 44 58 22 16 5 21 18 36 2 42 20 6 50 53 37 1 34 55 8 61 13 30 
32 62 59 9 15 55 25 63 14 53 40 5 4 20 19 54 21 44 10 60 13 51 52 45 43 1 7 58 27 49 2 22 64 46 41 37 29 23 6 47 28 16 56 18 50 57 34 30 36 31 24 61 38 11 48 39 33 12 42 17 3 26 35 8 
54 46 17 3 12 31 26 28 22 58 60 4 51 32 20 63 42 14 8 39 44 47 48 21 29 15 62 7 25 36 64 61 18 55 43 37 23 53 24 11 2 40 13 16 9 6 34 45 57 10 33 41 30 59 35 1 56 50 38 49 5 52 19 27 
56 61 42 50 1 40 3 49 21 7 18 51 47 10 31 41 35 62 13 64 37 19 29 58 24 52 33 4 25 5 23 60 22 26 38 44 12 53 36 6 48 59 57 15 11 9 8 28 45 43 2 30 63 32 46 14 27 20 34 16 39 17 55 54 
50 27 9 1 10 43 46 57 4 8 49 19 7 15 58 18 56 53 25 55 26 52 60 13 29 59 6 33 20 44 37 16 31 34 30 48 63 28 45 41 47 12 61 39 3 38 24 35 21 32 36 17 14 64 22 5 40 51 11 54 2 23 62 42 
26 27 43 28 29 2 61 23 50 5 32 45 10 8 21 39 24 25 22 40 44 18 58 30 54 49 51 11 33 35 36 46 1 17 4 12 42 31 64 19 15 34 52 7 37 38 41 9 47 6 53 56 48 57 59 20 3 16 14 62 55 13 63 60 
61 43 35 34 26 49 16 12 2 3 11 10 63 17 41 38 36 20 53 51 1 62 39 24 30 9 37 55 48 57 64 32 5 6 47 31 52 4 54 21 25 28 27 58 42 7 56 14 44 60 23 45 18 8 59 29 22 13 50 33 15 19 46 40 
56 55 39 60 26 53 19 3 11 35 6 36 29 38 47 15 44 48 8 22 28 64 16 63 41 42 61 13 33 4 49 46 50 23 40 25 9 1 20 30 43 14 58 54 5 18 37 24 7 31 34 10 12 2 27 62 57 17 51 52 59 21 32 45 
40 28 27 52 2 50 14 10 11 62 24 13 60 59 26 19 56 33 29 61 4 21 38 17 54 1 41 30 3 44 51 34 5 55 64 47 46 15 23 35 57 9 39 7 45 20 53 6 58 8 49 63 48 12 31 22 37 18 25 42 36 16 43 32 
18 5 12 42 26 46 41 4 60 63 55 54 29 6 57 52 58 11 50 2 3 21 37 10 24 23 7 35 48 27 49 22 64 32 25 20 39 8 56 43 15 1 34 44 38 33 16 40 53 30 19 47 51 9 45 62 13 61 28 14 59 17 36 31 
56 54 29 15 14 47 62 24 17 42 34 36 3 50 11 38 64 30 63 40 23 58 43 57 60 48 55 12 6 59 51 13 26 25 20 52 5 19 21 4 61 18 27 1 35 37 44 2 31 7 8 53 46 41 22 39 10 9 32 49 16 45 28 33 
15 40 29 10 50 25 45 39 2 7 60 24 27 59 55 1 48 42 14 56 31 64 46 58 18 16 20 38 61 11 63 5 19 9 23 32 8 28 3 33 34 36 26 6 37 12 35 17 49 53 47 13 30 44 4 43 22 57 41 54 51 52 21 62 
60 19 50 48 47 23 26 57 29 43 17 3 34 58 21 54 63 41 22 59 27 4 28 36 10 44 37 24 6 51 18 49 40 31 13 45 14 42 52 20 64 8 53 15 2 16 9 46 33 12 55 1 62 11 35 30 56 38 39 32 25 61 7 5 
30 32 37 10 42 20 34 40 27 2 54 25 11 64 19 16 60 63 22 43 49 59 38 46 53 35 58 36 57 56 50 14 45 39 31 29 13 24 5 48 15 52 1 41 9 21 12 33 51 18 7 26 23 4 47 8 55 28 6 3 44 62 61 17 
34 50 60 30 45 12 10 47 13 15 64 5 8 51 36 28 27 40 53 26 35 48 9 25 58 49 19 14 17 18 32 20 37 16 1 62 56 31 21 55 54 3 43 41 6 23 29 22 7 33 63 24 2 11 52 44 38 42 59 46 57 4 61 39 
64 8 49 40 42 32 11 63 36 44 24 46 57 43 35 25 19 12 4 7 26 58 3 51 31 20 48 23 17 21 47 33 29 50 34 16 14 37 10 1 55 60 2 39 28 22 27 38 52 61 30 9 53 54 62 56 13 6 5 18 59 15 45 41 
41 24 15 63 39 6 9 46 42 17 3 14 57 19 62 50 47 13 28 52 27 61 54 16 51 10 12 30 32 20 44 33 4 29 59 55 58 64 48 23 1 38 5 37 25 7 35 31 43 11 40 2 34 18 22 60 56 53 8 26 21 49 36 45 
25 30 53 27 23 60 62 17 22 39 3 6 12 15 56 59 61 20 16 57 35 32 37 1 63 43 24 46 10 33 18 14 26 4 11 64 13 49 5 58 55 52 48 8 38 28 29 50 42 7 21 2 47 9 44 19 54 36 45 34 40 51 41 31 
60 55 40 18 64 8 3 41 4 58 33 44 5 16 11 14 46 61 31 35 47 39 30 6 42 63 17 37 36 59 2 10 9 24 15 49 26 38 13 32 52 57 23 12 25 45 29 43 27 48 28 53 62 56 50 20 19 1 51 21 7 22 54 34 
23 41 30 4 2 35 25 33 27 55 40 24 5 52 62 63 17 15 11 56 28 3 26 1 47 49 9 38 57 53 54 60 64 8 42 39 19 22 50 20 44 21 18 13 6 31 29 46 43 36 16 45 34 51 61 14 10 32 12 37 58 48 7 59 
27 16 10 21 52 19 23 63 14 40 25 57 35 44 47 3 18 15 50 32 31 24 4 48 41 22 55 1 34 5 43 7 11 37 60 51 2 20 46 6 13 12 29 53 64 9 28 54 26 39 58 38 42 17 33 59 45 62 56 36 8 49 30 61 
26 30 43 54 51 63 50 40 48 38 11 19 15 5 60 9 16 23 17 57 20 59 2 39 55 18 35 29 37 33 41 14 56 31 6 7 13 4 24 3 8 62 47 22 10 42 44 1 28 61 58 36 25 46 12 34 49 53 45 32 27 21 64 52 
61 55 24 38 43 11 59 34 4 47 49 14 18 27 17 29 54 32 16 57 2 39 53 6 10 40 46 12 60 52 28 7 44 31 36 30 22 58 42 5 15 23 41 51 3 37 35 20 25 48 33 56 62 21 64 63 45 50 1 8 19 26 9 13 
29 59 63 30 1 62 14 52 48 35 22 23 28 9 25 50 58 39 7 32 21 42 55 60 53 26 24 37 17 56 2 36 51 19 3 44 40 64 41 6 10 45 27 5 18 15 46 57 13 54 20 33 47 43 16 8 34 12 31 49 61 4 38 11 
31 3 46 28 7 53 36 33 27 52 62 63 35 37 32 56 17 59 8 4 55 54 13 44 22 10 64 15 6 40 61 45 12 5 18 51 23 30 43 9 48 21 25 38 29 50 19 26 42 34 1 20 49 41 24 2 16 57 60 47 14 11 58 39 
45 44 51 33 31 34 8 28 10 25 41 16 30 17 4 56 53 57 9 20 1 46 21 23 36 7 35 32 63 54 18 59 55 12 26 64 52 11 60 49 62 39 38 14 43 5 37 40 22 3 48 6 19 50 29 47 24 27 15 42 58 2 61 13 
5 54 43 2 26 17 31 55 29 11 47 61 7 57 15 25 38 22 20 27 44 42 30 46 16 9 49 33 50 41 23 60 8 4 13 28 37 62 21 48 19 1 45 63 14 56 64 40 12 51 58 35 10 39 34 36 3 6 52 53 59 32 18 24 
54 14 1 37 2 52 43 10 12 35 5 53 17 22 59 29 11 36 39 62 48 46 25 34 45 19 9 63 23 55 51 8 21 28 64 24 40 27 13 33 15 38 20 49 31 32 58 3 30 57 26 56 6 47 50 16 4 61 41 44 60 42 18 7 
19 48 32 30 25 53 3 49 60 50 47 24 34 45 39 64 37 62 52 33 23 35 17 40 61 29 55 58 9 2 41 11 6 57 20 8 42 63 56 1 44 7 27 22 46 14 15 43 26 28 54 31 4 38 36 13 51 18 59 16 21 10 5 12 
43 2 27 28 35 42 32 57 29 4 40 18 24 21 38 45 47 46 15 20 58 53 9 51 44 6 1 12 64 5 30 33 56 62 36 34 39 63 23 3 26 41 10 37 31 11 60 54 52 8 17 50 14 55 48 25 49 7 61 59 22 19 16 13 
18 63 37 27 34 12 45 2 32 53 64 56 49 24 22 31 23 33 57 30 6 26 14 3 15 9 60 42 19 51 40 52 11 13 41 44 8 29 17 28 16 35 62 59 1 10 21 47 43 48 20 58 54 55 36 25 50 4 5 7 46 39 61 38 
59 21 47 12 13 36 19 25 7 54 23 10 49 16 9 4 3 63 58 38 14 60 1 44 35 8 51 32 46 48 56 61 39 33 22 62 18 50 6 57 20 53 37 43 26 24 31 52 5 17 11 40 42 55 27 34 41 29 64 45 2 30 15 28 
29 55 10 19 9 5 11 13 33 46 18 51 20 48 26 1 31 39 3 2 14 64 59 53 32 37 27 49 44 40 62 21 56 43 25 63 60 16 45 35 36 34 4 23 15 52 28 58 7 41 50 12 22 17 54 38 24 61 42 30 57 6 47 8 
26 54 52 29 39 34 58 60 46 56 38 63 19 31 1 55 30 41 16 11 64 40 49 33 36 9 6 28 15 22 27 44 20 7 14 2 37 25 61 45 51 17 47 35 62 3 18 32 10 8 53 43 4 57 48 21 50 13 23 42 5 59 12 24 
32 50 54 60 35 37 5 12 28 4 51 48 47 33 62 15 52 11 7 29 25 55 1 2 27 36 23 17 64 41 45 46 19 10 34 13 61 38 6 30 58 42 49 26 53 14 40 63 8 31 24 22 39 56 18 3 43 9 20 16 44 57 21 59 
29 58 40 6 8 56 23 22 11 21 47 33 60 41 3 5 14 64 1 44 31 54 12 55 43 59 52 30 20 9 57 61 46 39 18 28 38 16 27 7 49 50 19 37 17 2 4 13 35 32 63 53 62 45 34 15 36 26 10 25 24 48 51 42 
59 9 33 48 57 5 64 58 62 21 40 11 22 38 30 1 53 46 34 36 25 56 13 42 23 49 28 32 2 18 4 19 61 16 3 37 43 47 10 6 15 31 27 7 51 29 44 41 39 17 24 35 60 26 14 55 8 12 45 50 52 63 20 54 
49 14 48 21 8 45 60 41 38 51 61 39 22 27 42 5 26 16 55 34 7 58 63 53 23 37 36 40 15 6 24 11 10 64 43 62 30 54 18 3 44 4 46 2 29 13 9 56 59 33 19 31 57 28 12 1 52 35 25 50 47 32 17 20 
58 31 5 10 64 37 57 56 38 49 51 46 28 40 23 14 35 17 34 4 21 62 18 24 19 3 12 9 16 61 26 45 60 50 6 29 59 63 15 22 2 48 7 11 54 55 53 36 41 44 42 13 39 43 33 52 1 30 25 27 47 8 20 32 
47 51 12 37 8 23 15 50 48 33 41 62 6 5 28 44 56 7 24 59 14 45 17 11 20 32 3 52 2 26 39 63 64 10 27 18 60 25 53 13 58 30 22 46 38 9 54 21 34 49 57 55 31 35 43 1 19 40 36 42 29 4 16 61 
14 27 10 29 28 20 42 40 16 17 64 59 1 43 51 60 38 11 53 63 54 41 36 15 18 4 56 7 37 45 5 34 49 8 12 58 23 3 6 44 13 31 32 30 61 48 39 46 50 57 2 52 24 55 62 25 19 33 35 9 22 21 47 26 
63 42 1 15 56 54 34 59 48 5 61 58 39 22 45 20 7 36 52 55 25 14 12 17 28 13 3 51 38 26 41 23 60 18 19 53 10 8 16 64 32 43 4 31 44 47 11 35 29 49 24 50 37 40 46 2 33 57 9 30 62 21 27 6 
39 4 6 26 30 56 63 24 31 40 59 36 2 15 20 48 32 12 33 5 8 43 19 22 9 38 55 3 47 13 45 53 57 50 64 61 21 62 1 51 11 37 16 49 35 58 46 52 7 34 18 29 41 28 54 44 14 27 17 42 60 10 23 25 
42 40 34 36 30 14 38 44 56 53 55 37 6 13 8 23 10 48 57 45 4 64 12 61 60 59 15 18 32 35 2 46 51 20 17 22 25 1 11 43 31 27 62 58 63 16 5 54 47 3 21 50 29 52 19 24 28 33 9 49 7 39 41 26 
53 10 12 30 20 6 38 11 2 15 17 61 13 32 64 36 4 47 7 35 22 40 29 33 43 31 16 48 49 18 5 3 41 14 42 21 1 8 54 37 50 57 52 46 26 9 63 59 34 25 39 23 24 62 19 55 44 58 45 28 60 56 27 51 
60 7 12 45 10 8 18 22 37 43 11 14 2 62 21 20 54 19 3 29 13 4 23 44 25 48 57 17 27 15 46 6 49 1 50 41 34 40 35 61 53 38 59 52 47 9 64 26 63 16 33 56 28 32 36 51 30 24 5 31 39 42 58 55 
15 31 5 42 52 50 46 58 29 1 34 20 60 16 19 2 51 22 43 35 44 6 53 39 23 14 49 10 45 47 18 21 55 27 8 9 26 64 62 40 37 63 11 54 36 57 59 24 7 25 28 4 56 61 32 30 38 17 3 48 13 41 12 33 
55 41 31 7 33 26 30 20 13 25 23 22 10 63 48 39 3 38 32 56 46 52 57 35 17 42 36 58 45 15 40 8 50 12 43 27 61 6 19 1 47 53 2 24 18 34 54 28 64 11 14 5 9 59 62 21 44 60 37 49 4 51 29 16 
55 33 14 36 35 44 22 34 2 4 5 50 56 64 57 10 23 3 8 13 6 7 38 15 24 47 42 18 52 21 30 12 28 45 43 61 63 53 11 16 31 39 26 1 62 32 48 49 51 59 25 20 46 27 19 29 9 40 37 17 58 60 54 41 
12 31 26 47 38 48 17 30 64 39 5 57 25 52 56 36 54 44 15 51 7 4 55 60 11 35 18 33 59 43 63 23 61 9 32 62 40 1 28 2 19 37 42 53 34 49 24 50 27 21 20 14 41 29 58 10 8 3 16 45 46 13 22 6 
63 5 20 51 33 16 47 52 49 59 26 18 62 10 11 29 37 53 58 40 24 46 19 27 3 60 42 4 41 32 7 38 36 45 55 54 22 12 44 35 1 64 23 48 15 2 39 9 28 43 21 56 61 57 8 30 14 34 6 17 50 25 31 13 
30 25 53 10 13 32 20 45 64 6 56 39 62 48 7 11 50 55 21 36 23 57 63 40 52 15 59 29 35 46 60 44 24 34 19 4 47 61 27 42 54 8 43 37 1 2 58 49 26 28 33 22 38 9 5 41 16 3 14 12 17 18 31 51 
52 18 35 64 36 49 48 56 37 40 45 17 24 3 14 44 50 31 60 38 10 7 9 8 4 61 1 63 53 6 30 26 19 5 57 59 16 47 28 46 41 42 33 51 58 43 34 21 29 2 12 54 62 22 25 11 15 13 20 27 55 39 32 23 
53 55 17 48 56 45 21 58 38 13 8 33 47 42 43 63 28 9 3 10 44 64 19 32 5 2 35 59 61 15 16 46 62 24 36 39 7 18 25 57 4 31 23 6 37 41 22 49 29 50 11 52 14 27 54 26 12 40 34 30 1 60 20 51 
23 44 5 60 10 56 21 51 41 58 33 30 53 11 36 13 15 16 27 42 46 17 54 20 31 50 1 61 2 4 34 47 37 28 35 29 8 19 49 32 9 25 40 14 64 57 24 26 22 62 38 48 59 39 3 55 7 52 63 43 6 18 12 45 
30 19 37 45 32 62 4 34 6 31 9 50 57 28 44 48 23 42 12 10 46 56 24 52 35 61 53 16 3 49 11 1 38 14 36 21 8 58 51 2 7 55 18 63 15 13 43 60 25 54 26 29 59 5 64 47 40 39 33 41 27 17 20 22 
29 5 61 3 64 42 59 34 36 48 18 15 58 38 13 26 21 44 27 1 19 14 46 2 12 7 54 4 55 30 32 9 37 63 25 50 23 62 8 31 11 20 35 41 56 43 40 52 57 47 49 16 10 51 60 22 6 33 17 24 39 53 28 45 